9975198
10451677
47049185
4642141
4521348
81954391
64056145
8104087
36178353
33269842
25398617
13528128
15564308
66502518
11274135
31549528
10471561
9466076
9059036
4198425
10623401
15249158
1272987
34072593
8745934
3212906
782744
26463652
15669363
2339096
31094672
22660558
25933582
9209756
12154984
4204273
13951027
13555051
11686379
7296707
24370516
30554285
6374662
1024924
16138447
42195323
30527962
49025619
2288802
21734114
2856383
37954290
4118542
6208432
11244252
55839631
25816487
25875308
57965473
1675454
8805455
8295270
10709873
24416393
1497663
1863548
59798207
20804315
3005888
4359944
11764472
423182
423182
12791315
18582349
38557060
4048664
11746602
6765590
7234762
14870510
11899182
1807209
7693583
15067780
7859419
5773147
10830637
3390794
9030015
19877223
4681133
24763957
7927262
6925301
21294346
5693515
4057250
32694032
2907785
