5583576
74775947
1683383
2852838
11684141
4545580
13470046
1409121
1409121
4894647
20017895
33001480
34398413
10822842
8630048
10412895
4821724
7931209
14299087
8146731
13168336
13974925
6619413
6006780
35757179
11729165
9694989
831152
38369637
38366582
19622289
23983741
23693047
12936852
13328916
14533074
4503373
25627307
378412
378412
378412
378412
5359357
21958081
17941534
19406935
8478260
113788
113788
113788
113788
113788
113788
113788
113788
113788
13125268
2273320
6960992
18782014
21260302
8510837
2180113
59218159
3446091
3011435
42704340
21368367
7243484
16553545
9767462
56413421
2474785
18054119
27498945
26971566
7632555
5623661
17116564
4901197
56965606
4412869
26818976
886521
13066930
11669802
722179
722179
17075450
10399667
11994566
2574919
10241344
3428626
3641818
5965680
2544258
9514152
25737209
4750161
